0
73
16060664
6421352
16060176
0
16842788
0
16056512
1224736841
52
16059951
0
0
208
16056944
52
16056944
16907152
52
20
224
16057108
6421464
1995681056
-1513181495
-2
6421372
1995733245
0
1995733284
16060176
16056320
0
8128688
16056320
224
0
0
4199136
1878002592
1992931425
6421624
3
16059952
6421648
0
6421646
6421646
63743
8
2147155996
57344
255
8076248
0
16060176
216
6421480
1979741049
16056320
0
16060176
-695208128
16060352
16060176
0
8
216
-695208112
4199136
6421424
0
6421576
1979829440
-1595374152
-2
6421504
1980193900
16059988
0
16060176
0
6421524
1979802396
6421524
1979871125
1980187532
6421592
1979802764
12
1979802792
-695209744
4199136
1878002592
1878002592
1878005308
1878005308
1877969378
1878005652
1877818164
1877405943
1878000316
0
1878000312
6421624
1877818072
1878005652
6421620
1877354242
1878005644
0
6421640
1877402410
1878005644
0
1878005788
6421672
1877809776
0
1878000232
1878000232
1878000396
1878005652
1878005280
6421768
1877804222
1878005308
1878005308
46
1877818072
1878005652
1877818164
26
1878000396
1878000372
1878000312
1878001568
1877569228
1878049856
1878043640
1878001280
1878000512
8126224
0
6421760
1877358421
1878039312
1878005288
6421896
1877816920
6421816
1878000312
0
0
4199322
0
4202906
1878000396
1878039312
0
1877999744
1877357483
1878039440
1878000640
1878001472
1878001568
1878003816
1878039440
1878039440
1878036488
1878000832
1878006816
1878006816
1878003816
0
4199136
6422008
1877968020
0
6
1878039440
1878003816
1878036488
1878003816
6421932
1877808676
1878000396
-1
1877353318
1878003816
6
0
6
16
0
1878006816
1878006816
1877944186
1878003816
